3959635577997313729828542239923297212541111296981711435915734611442273631221364313697149956686926886999541622775792962915863765843622739326945914826252948172485949714225848787767394983589716153587413485
2314751574189232749241867197686851441111111119735153961111111111117882865512386123436451267714367711111117994942337178587568331188111111111115961766333611111111581287548127989877234159256841111111111288
4324111111111533447611111111356712711119683511727312341112111111111557474111111164685948246282347117261117995251111113771537947111168966758229942724911128687711177333111115773211111254795111184812116748
6711111111111115759841119233144456111358154534728286542311131414711118479121111129822576963967782117198195578571621612825132281186164127945429385692111917845851112411164113329131311199296118531671172912
5511166634975811124367111246268996971147451575351957957777113819111133935121547111864441499414297133894146728418715819626534411523858246111116869581519631895231171153569548568311115638874411469163351958
7411282874532166114614831115324184767111937466718767742677971144391175544111169815856477596551237115697646646943533117152989614956151111363596759216825927291511358113189536413512672686893577119958988868
1711174462311113211846945564749545891316689934158178749362414391391146325711156495399912648111719311978617555426216317528786511111111662911118486717771111114116838261111111142611186127811634553876477886
1991111111111111136326572521127345685917123578274111111111623359711131478611112251689143411168768497112681677483852811736491391111821111118111648913137457791112472378763343741134226955163311123887628483
3847111111844241346725198681111111186715817251111111111111118797169383147561211947311215131182892542118186938111146561919113489964688191146314154915982434297197936592116881111116167825728111521111533518
7929841922197255543366714711222222116963648111111136454472116594241721111111111111111533874199299353977776971122172785111266991891136711893687721961311114721367741881411113523971697881211132423731872786
1366524688258251116731243112111111111137456111117733517987425427341111112214512711932894742211271178377187111222126185684632114111161111691182873842311181197516591975111413419212917651154119782334153284
8724686434764111111116759312182871453124741112265451328657632456411111912215374723873111666569582715869811111232196827283939111122116518461116864138611185414343512511512254673791129911632915568453172175
4179664581836112521861174611117991378157719111231567311111247241111118812214645223611121895865692399111111831232118964919111112222116818121223151568712392831594314131874441815495896313235769395886111884
8477111119811711892527373232111152297162444711111111119711329825116817912111433231112221264325911111111134611222111111111111112332136111236511497549711716332553117297111149585895938413113116946666113958
9531111111161788821415781667221111641421517311413345675662172774185913111138821111222321999611111169983656112111111111111493112322193113457151223468916111836542126469987545829476347117562118648128123966
6111113249117556479518775375832888445273953487851411111111523253185388111432611122233321551111216746133891111122424529544721112221115611113693549449445211111111134626427822918851528513679311717781364281
9211143162711472484396331114682627141539463812545111111111111659155721116881112223333221111221111111161111115697311115511211222211353591271871111187931228557898295384889526117628556219729441115111763932
5111566832296117497165111211118584811111111176251111916971121329183511484611222322222211111111111122111221394189711779441112232118781498165261112114121245223833132817711111961111825181378581211169143357
2211675798478111166881121111112626112111112116361219426642111521589284633112222221111111543236837111111121111185317329111112332145851972331111222123311111111175321731114581967311178411325957866128539165
5711114694767519615647121643111398121145311219381111674721911139715378111122211111126841892859841823937111112111161392746312222111111111111122222132211372811111368841558613851118972656311276372441762292
1981139151118623495919111519113121121264441218595111156165542486278611122211117817355952688283614547544483911112111193511111111111112211111223221168311825679811453793714151812646154125381816528482758227
6811119111734281313999711139589963111178411118522161111698834529621112221116695541133111111111111111115544147511122111111111136472311111581232211179541311223171592596819132693429872651677796111111119698
4319111115612768922648266111968537412131954147518711634111375195211222111491422451111116698462711211111112772567112222157223986442253482411232117447391478657281858459567291111179311963965341195296641453
4169761233142811111113599444111169811118178485731376141932644391112221195355594111225545811179876951668311118918511122113851421111197449112222144772243791523971356562531111111943661186932813121887441283
5811859261252111111111189961587962457611152915511111111152437511222211896127331368535913368111153245398514119565376112211177933813182411122211133299154793998331314691111434124548879917251116794717111479
6275359636771111346721161443669126277358252782111111111114397712222116757256915123276381111117273336211111118343889411221113968725111112221112147456543249299817585891183458361952846511317313231466886456
2564923191171115525499164642111111111672176941121694151216459112221177389252224612973111221158849711182312311958567191122211585863111222111949417551113374382559327118118411115463411111797356854316839557
8768571967687111822523674161111131111111118768121337431113381122211923118624511258511122221375212159313723311111116727112221225399221111177561681811991173558884674735411111349872116748119292221955339376
1694819394728411117316323736117248696111124749121134311125351223211584111287614285211223321158574674391943821194711365611221118529869111247173154661297611262556932256883691241131686378711827397736113476
9498144686981686411112831167111176431891115112112171511126111233212279111131918758512233322119538128711876411663154231851222211164955611373977837111487771196942437711111961542415943175113825292111111123
8738162191518172162726666367511116739327129663211113111726412233217481432757616268112233332211111111111429111277468477651123222111111111114822764244152597165786591134481117188918156471137537711331961127
4331114981112483145137117523997111111187172244411147911994812333215673118644192363411223333222222222221812811594596974995123332222222222211161548923117355119297111181148111181264687633241271112629321156
8791116911217225211111111216893672996596848748279499111971112333211841118133755769381122223333333222111111111781581124715123322222222211111263565129478139611161112997319711128799122474955794561217711391
5731171971212321911119762186514975492941118139545343791276112222211111111111456399563111122222222211111112213493367111798123321111111114934775827783216612114777125141174111243443795867548184883958725944
5361195751112163111979216914939631111111211111136568251334712211119737772211116819974641111221111119621112211663151611416123321341867892181642397156198234119844193569111131623797791111111385373137135969
9921171311188541111316673188341111222222222222111138575494212112927577156191111174634675241111442858351112221914596111367123321141718115811111111127111646183138892697399273527111111369211111283173486416
3457111111327438111771111794611222222111111122222111546862211166711199819698121111128381836421136111149712221146886911416123322142951624361521783117326111145229423888774931953115285951311112799445748946
9993611113588995311111158481112222111135677111122221117411119631111797619885259811116966351528139111655811111663915111177123332111273594936195369515484314396563111111119213931151526257761116653111158314
7419864237611327712724582591122221178193371657111122211112211111184527119647116581111118844496263921111111211634991117689123432221157751156976489311187384597111111927311196551858195681111719341162111441
1299222345118882356754567731223211428911111158236111122222217519864674117611163139591111111111111111111119811432181112823123433322117123291863241196456773312146719295341138131449191111866546311988311128
8979282451132711713337186911233216974139522844283533111122211873551157116217988377821921221111111111131237117543611849441123332222211266381421118388932267373116176889111336961582736398149683219662231146
2788336561849911189952456311223219645572943251989898698111111111936111511349813191577111211145543326313191112386119859211222222111111116269617282776611127576112667411144462272552721111111974579113311424
1677547311719111463312437951122211712131111111129395266649464894975115835716677791111121116294833148671611112451169184212232111186619934711373711111112111463611166866834882852478111114511115339854263229
8565117211311111215141522982112221135741122222111176446573952611181211863627111111221111115769161527896481121311318564112332117186847111111111137495122221118868113919264172612565711128667119692843388122
8866593311112117921179521679411222119597111122222111115824521981567415111111122222111687656139827899183431185618388675122332182546934111174371183188123322211144811182591111111116718943211183238722882677
9518511868111144221119911411111112211183429111122222111111111111111111122222222332135593643671111123848671383414435711123332175115387115619711211851123333222115746854111111111117111211593629289311165294
7316511597172183411383111861285611111111129888111112222222222222222221111111112232111111111111114913188511232175518112223432111272897119262119895211223333332211121861157127653118461116317928151112111946
8419551115695239811584311759478769471111111136259211111111222111111111446295411222222222221111464784111181124349247122333332221951487747211136712112222222333221164911885235621116567821111231111166531153
8773911118736996651152111123142783653348758758549553426661111128559229717394491123333222111926811411118211163439111122222222221411122722116217441122221112343322118411527726111123563383899533717344841751
4715816115473144531111111161111111948765896152555582132349283711111111492474499123322211146949641117599111661675112211111111111153719411158766511222211512333332217111179791123138657111116618829459611663
9918846119813211312911135951111111196161911111118869293463144626618911558356921122221114565945111749311151459111122114828497215971257164871962112222117812222223216271225912931911111111111597771268211754
9615275111654911167433525811571121113765111111111739856713313827129118381551111222111263783711288651119733918112211177476235798742245769819111122211191312111123211211293695727111113452571526248814282442
3911947111298782113945822119482311156495811533111675167811119492881117821111222111132174441115248111422157161122114943412111111183214614281112222114759211117123221664834319641111518218139389853457922592
8151194112292113115879562154372812133547921825871153191112335645114312111222211193851272573983211551714277111211124341834846111296833341111222211127674111256123321367222933161113623125338918263111173837
4659111137319116111192751137398211175814399141291229111192229211651611122221117287561142954592114721165941122115142211911117891639761111222221119246861116336123321975567611154111192371764327411141111739
5952662313913411115444351865489111632111111155786969112365961138191112222111278646749111113971826112436111221143413536623998395111111222221111344119461112941123321118272112194951111111134954118176561131
7477825363326321458918997277321137817111111911565581196621111293111222211198911432616812218961111244411122221135549232741111111122222221111846141666911113871123321234411122115795763581456667113145571157
1261559313449238846584657427277275731122811155558471127111628521122221116889387853885112113255251172112222221111111111111122222222211111428671119183111171671223321551112222213151453998227191178628831114
3618117559727995939436839541595611361324912166116857111278695811222211456168111115869121114448439611111111222222222222222222211111115981695971197141111378861233321111222333211126611111117572117621491168
5552311193131932115461295114814526581432512111532564775222141112221112238216996685111111519737111111986441222222222211111111113468198677511118344111118784311234322222222223221146111778881449457694111916
3159961585145112714232191111111113436955811156275814514668411222211628451161155173121113172711116192526111221111111112999893645734334733923468841111338436112234333222111123321121111475491168987457641942
5666591172197158811591178616211135921372211738273581189456112222112344113289813951111524651111115994111111111742272222599914111111111314862186111114799711122333322211165123322139111623554926711128439712
8656331119153114521133835612791174765973112112156411165111122221144431184183164811134684711159834111111116792649624928151111111111111112772111111152161112223322221114667123332191118317667938246836399753
1815841181111713511139869119211568713217269321136973167411222211549311891111575115939331111392131121113241193949672111897175173322712219161118422598111222333221111556577123432159911135274138244711115735
1661411259114617586111522841119164969125636811448839196712232117722116171113421163973611114472111111843638771252239111689357845931212113375323839391111112332211171265992123432123243488756938279214411479
6569114162111112878128111111925953199711711411851771145112322123861171811111111469568511128511121148926168811572911118747713653389111159336225327111113212322118719611159123432153315586951647973119151629
9839513522711141952714484833796461621711416111435881997122321182611446111787766211145111648111211237131129218672113299857867415111113185921799891111932112221141116241187123432151464151111181339151221348
1878939678326585928659746231437111115881135711966613695123321377319767111564168819141111213112219629117912112681162782618441111111743167392546111134331122211218115291183123332144391118667181161958455144
8872169629584275618938111927597111927111794271111187631123321187966625119911867511941113559122111951118181172911195128311111111133393972718311111937311222116431911661129123322181111588818861174569322318
4651937916835537471385821711173311943111248695489279661223321442284925116553935111431217771122158781132611851311353162188864341163591744611111527649112221179351911131451123321163116449645111956884839619
8611424112698536581121162451381621111189917139986787171233321798364683111883511122141217351222177851882921167313791111124536181113111111111122813911122211161157912111121223221127112186551111732219928167
5131561183861978918111111111211694422557547412889362711234321381111117811125111134711215861122173591187761827819659341697791911111111111252498519112222119859371111111251233211122318637291584229111111155
2931111156711971191531111117699371349461845188153828641234321439361114362111112449621113167122118859112241166417373223175551111681494561111161251122221185194711121819811232217178311471766889111548111187
5758551341517331115735815191672778324487421111611782441233321127332112913457321639367117289112214441911538132613671111111111186422121111199777111222111122751311857453412232112149141112496711376493114736
6431853996111851183619363769667451497888811193511439891223321888311111379142563112314111757611211465581111161614571111111188692173112137125711122221183131526711115852112322128215579326214111385231196213
3869194861156861124874129515356191142417834112631173291123321171111163611111111113214311156231121122356611719313357154754696615335655998851112222111248919191361112231122221151731119229711158936514616498
2745664911182311484332113791143731118217872511111121125123321152119434611336111258351121114776112119339751662117236197111111336595935159111222211148989784911111161611222211583111111178111555359169265861
2111641679111111317627515141187511141317599965863423417123322122111519914122883918174821111446311111112165461494798111116231175777284111122221115118631554117648535112222114121116647113611869592561736126
1519581994318294714279711244811111689261497844349797214122332116911127491146924253111156961111311122211111572416194941651773557391111122222111241891116927464576141122221113831128659511741111111138787354
6115913746861757114427317595692268777171111119111119425112222211141186447389113346111776493711111123222211111626979527168251111111222222111174511939711961452932111222211187492134287921936961687919111524
4189568943421785134235112536314732131879736586985161113211122221878196685939511861311148363619111122222222221111111111111111222222222111153726477437511688891451122221114543417115521541188125913311891589
9111837111437871121111111716968824111164293768925853117577112221138483543223211125541111556141322111111122222222222222222222222111111117515836111172311241574111222111716755628112814391193924742113451125
7354635154161758111119699755375314911116894427851111151567811222111115114941711111299191112991652254645111111111112221112111111116259852352611111828111337511122222188768311111114371111183495747158771152
1136841455214658111957986156242931746111111111111128267491521122221122111134854111112818113847811116152249827611211111811177784122736443711111117681111241112222211121757111111891628111658962331679661176
2591971122428111758382791769686619231499429152121612321437831112222111122111344931111111115446334191111111111636156956346211111139425811112111757131566111222221115572111757113118782699972751235755661742
7714191127479111115496691153391125614338111954625588553714874211122222222221111391483111139559143632867131221496511111111111415451211112211187553885111122222111714811998791139245725657661421136661511185
6178329118916413837492788111111213599775411522391111118111748353111222333322221111948478157611911111111111111863113371111889477811112211114471991111122222211166666132518867755468432391435869148511143232
1234198511114196268565715994992127111111111174781198731111893173281112222333322221111172327872835581111111392436334923582561111112222219619711111222222221113666911382679837716872111111142463111111639479
2851111257647522271111111432761383135675911981451767824284865211282611112234333322222111111167568955753876858913837111111111222222333211111112222232211111514652111111189916414111119985988126622251723696
3514811633747237711613451315832321676762857713569345798592313158823396411234444333332222222111111111111111111111111112222222233333343222222222333332119894577761237392669358811115857445953387169511111944
6622521567178478331127639986114664247985473518891851156873515964265284791233333333333333332222222222222222222222222222333333333333333333333333333332139462637189726711285312671113928441113922736115361195
4161971135199231583111151351516472411111111111111111111111111111111111111222222222222222222222222222222222222222222222222222222222222222222222222222111111111111111111111113129111111119745373256114631914
8141791177117382163561111111685376133849311111111111111111111111111111111111111111111111111111111111111111111111111111111111111111111111111111111111111111111111111113111246658325271541512171311137716724
8691651529177625819916991362199115171994439415967164862472549262986847882817357149973345273654715779795261229265227934413826985479683551569535177297419961127255119813877113637899531111111111111135349423
6289114938511574163813894296631267469411271989481111111148967811114493312193661111196799461811111137787797655595677582281111192582189758111435965423265111111112936692111111148245111725775511346158112613
7824975917311111171453631118535689796665111627118618111114511153911115831711111111111651991135537111645251745117191557111111111123553111111111171454911111136511566681174281112143116992626821621117695592
8486991287855821145325297111114213552118281941419517661143116397471129994154819434121829811821244614552111765856119851116658488115861163758459117581611185162294328562785284113749113473881111423626349765
1718511396699594296882915435117191114733811521646471111474131251111118371992921811111111913295823183928581884325119321175868671163871589445137167831118266941645696661523672317984111115511392387698687882
8152122212934383371114251111138231113821113675916917143682861111881753536129111111489391953152553458397525116257311549114342496122891733113131981128119973711186547614481676819739761113162915528326974888
7981583951815656527491121321913398371141156591952615344381183833329216911157919336197299743638983311111176181178152531131216849181135642411991744799916311116529667247138115388984314616158411617111119721
5241453166851579465585911375737633235396912367491682851388455326687165496922241428397327248765752116674211969298646313715768453187568731841111137531236313336953311563974354118399513116456992211136211386
3731732265877158891614261112148111111196373933827711111111112781194111111365469121155111111111185198353311886911148487976986743159892611961124511111895117216532329119424115226719142311445114249853711175
5911183568858145911656211429761212398428111118153954586346711344117554231118754118197683414211559613198523198919461421836668771188296193649249558111672119527757777811152194572137397171379191438799811546
5241199759811192471188113992898228695286281166298156651483119678571128241116275858119845561114358518182488716191984496522213744112559185271358111111619811158119923381111131459911496611316316183823119932
8161111111113584845111166891925611111111125574569121111111863798631111111199515715942111111779674175439791858713111111111677118731111119357945761176729322111194149512457626175222111294768845211111153314