99999999999998597336144176991095040896609951992355271241660721238238018896706817493471747290811949615629836078041134198991412981607319652046315315171702224632231198111371341775
99999999999964021992374116313686694540530098350084459638266523462102554233960453652457256985973598923381237231285735264973603121169074113374106451716268471710199644892097812706
99999999999995919999179399134951519082906979870388786143157820139463892721685860038963737337543078975411135593792684025465163138835559611620518532895683582821084199221361914309
89999999999999999999999991820507169746244921421717032463256365516448357949062257395632607724769999979531694467144374866693758477643840647961788193692290934940455708762604411522
29999999999999599999993114749649460138018395793367081478332856816020033313493849839999999594999999995721599999979576794000019692015434263994822515184460574570306048465617490232
23999999999937299999995237986369626434451609804295249499053901695233105055322040789999999999999999999999999999997171669997440067748029218568036331995481075651736445425893130367
79999999999928368499916054182081314630872171691271135211219874434995486599999999999999999999999999999999999999999999999999859114643202112127523197395414631472320621508995894619
34499999958559700327159556443402521211564341445934433965518861170161402159999999999999999999999999999999999999999999999999971407996398259728351140210350426679436278150354628755
51999999923414129975548251621252598558198304642310368235917985987399996999999999999999999996271699994712299999999999999999999497159679661912073398445535130518899027057623279931
59999999949294212647459209596353793735180224358955857906322885999999999999999999996991899999756319999209379999949999999999999999999999838765103605780110141362441808121067155015
99999998838631727655698269037033201779934012567975778121825199026999999999999189999911277269198966959453143969652723999999999999999999138712469016001305498250263775415068427264
99999992379996999939325829249928999403115146226859820716607711747999999999803930129034576272628431888721620398515675999992999999999999990259957298074811064503706222950032230576
99999999999999999557865109624491375867044187058850100181749999999999994999937446207552866104853024373656348539899550599971279499999999999975243667194225290883957039537198836936
99999999999999994791654640740996284769403513814277771843989999999999949767332299306634321765721529393922912688345019912590416499999999999999999949776435767669847564910324238502
99999995619999996886906262028675491841269036369531282532729999999999991861645292287264681802247232114157044849270664146341501999999999999999999953781377970649658236955876400161
99999994114166120528866781242602554910711536590502278346999999999995806519302901961217010896631586040970523215173080485834746849877342999999999925020903378861686939874788390101
99999990490963357938548918004431035944130727836768792999999999999671161627714685315594564767014055513851050818328095863874782563896804099999999968069699065366735984257982998952
99999920533317958192532583112767502655765265924710499999999999997411633802532551708034501877436321069771806403881065903759838820775224699999999993990459837585746911286668773489
99999949993162616994348855904053782562162182777263306999999999687571856296886293110495877900296510890501370091354701550198407004992719999999999999999999957218024769586297941825
99999921322122682297167670867341391995732065077917193999994283991660745787535957642825365421586532359634184756860736427538892502348696999181999999999999991913229119587445837911
99999979994499955575376008995021099442960124605614999999987589470893911823287667783152199984990744190960213047844222665011935854161883469662179999999999993518379144997417004965
99999949999993273056121790663023878962270715366964999999999160002501278955090293957999999999999999995221776913321213175320075931578378411465843999999999954653597852002315643196
99999999999999835239973300601130795371729834787642699999329389373088945289831629999999999999999999999284092718730875792880680507189834074442723999999999690511814618289774096317
99999999999999385996068654657953523893698869725778799992384865598647111661539999999891213809849899999999986775840278797703731273248433212615899999999999879817499549942325866466
99999918899990292504337695180367548307384696775119999999966855684040198549999988312264007575215663939999999949499692348130615897516123011026699999999999999954222985425722005718
99999991147027946937056849370526450694625888938699999999984392749617106619999134440680997414322875793999999992317629757979267009560845414147061981039999999799999835993238656212
99999918231855937999626124105925613974077362554999999999124793534630642999985326736531590736300262644359299999792164271544010705550505259464894930502999999999999964511901333287
99999999997914364103371536084464029694772004110964999999290074240464015999937424100888884194541703551999399899999203124996192582852273248204583171525699999999999996161892785883
99999965533337995801675667754867190927054857685194999999992993237941739999234326888999999999231137590293274149999221433172669975649763972550809593398599999999999564491933221754
99999916992929990089417091199662948425580601142999999999272348764365419992320288888868924199992083726699683999999979607532938235552555961539911892599999999999996674465472767165
99999911999999479107143396701881248995307752400939999999623140155094149991235488888888850899999602123010283095799999116368123681765421758595957675499999999999979772742174776504
99999999999999990317635386675887985562103570553398729999935373452617449998508988888888884574199990110290988946799999423297990409888681464801010262472494899999999999715960226421
99999999999999982410276436698726965111667306008123699999994054594426623999496248888888888218629993006387545256999999047149314589930752573378368832928947939999990099994968619103
99999999209995971494226993854986495544293959610139999999344470236047264499934808888888888823019993589411639229421999895108978156529192159635089967877544169999999899999941477735
99999999974340374949980886666480930440218969070323999999999136629170168199998033423888886564469999137064876139977999995894065416905713324898514273397137671999999999999996510174
99999999928930369813526848448523135817430052232174475139999919038665710976999999999998886967349992610087942222699999995282923515300906815399479608195097253599999999999994577712
99999999902065600699794788630493622736907335759388942899999985418251784689440688888424516341299997686564364763499999977225040873703353595373970764063541299999999999999947139614
49999999995101026998023976092897553918092961660771962899999999927723383570204719490194423681999944914672041199949399991919318728586065857486650308338373999999999999999254424160
79999999995299916998788107894822732434260546755995193062219999946150305415949011909004253499999991405255246277245999999440688842526398785055018829606591499999999999919374585983
15709999999759999999622421927904844584519813488312452560149999999997814188962457807363545999999745792763022483999999999192477578887152608046396626215667399098999999995887951720
54859999999999999999898799370839754292768816895005340569759999999991199692584058919192999999922182784800775022938999942178534999363075750003082647764718285216819999999998486894
74931999999999999992832789630663501498944483583522971690325859499999999434999999599999999992425307142134995399935999965127603830683509580463536404427811172560361999999999930487
23099999999999774777354411357879660781150211059377443769466911899999999999999999999999961782988540516309131814889999999427955662257773200012288066309499783575167699999999999824
33999999999999996085938122311772135110887271899557541553365103479647899989999999999549613290366864507966678649999999999768395165067150084093806161999797810188301599999999999993
91999999999999994479877149186759296761775220038378047721385840127763749611299223112720178335946221838977025121999999991904750196380626680463188503698025185319299599999999999990
02699999999999999392374799816384588776106063585710947538767194073427686202477711171958458432775413722721511978999999681687195695887265134308860892524892572999999999999999999949
85981969999999999998999999999954734195417485267510821367593023963477603853304880819332380159814839642243779999999999006169905654283521421051688869066107843999999999999999999964
20324791699999999999499999999044959202928217316887892084086357536492355310777292826782919816092593097075499999999999420927480279545731533261890468302740177799999999999994995642
26869999750989999999999999998759273350940001132568975408092735726835111164065301738547482709940822448924499999999999149335880228945376939722615969907655519997239999999977471290
01743484256429999999999916198386076872502975174435418757497530993649022855556215878658718608127756048515199999999995766019867681499440923476455842505309709483376999999971243528
08806952404545999999999999032394034932550646905834411569882253070753811393666706733867970191618300629999999999956238346805374873610314185878554097770742017566236999999686999114
25411092321999999999999999906754424998550809014283724552548366596947151779543642256789694187598989999999999999933767835393638276263161547803152959298969132994864999999609891171
08489194051909999999999999999418999999958223983104985669397323792832318224676994812238996619998299991999999999999951052058939681164866883786812771520396265715469999999654999990
23709678187899999999999999999999999999939792321420904135032526734076021779528421150780916985748981976999999999944179666378597774999445454357609700084987557927759999999999999999
08163122666602499999999999999999999999906858889270413823170179609331148804143097845997642599999992699999999991703553565240749367968722218736202272449677081599999999999999999999
29179371050709633691959859999999999999999625189999972631821340395873942785224197073528379418999999999999966614717995965897841042444583050748936184628357289999999999999999999999
45111831353971603999436711999999999999999998699999995398792417813676672213398824999899915325299999999999773383050961970570302207011115067698548015813413592999999999999999999999
26695407766559778423615657799999999999999999999999950471729999988499349939981214999999999999999999999999896077222126423306575507512914209566541637121345195999999999999999999991
07743987837415252033176199299999999983999999999999994169033899992933585899999299599999999999999999999993079904838465503278608814995988889027699103637530799977599999999999994845
77363693786809940635175039599999999993749999999999999999999999999944406999999999999999999999999927202110023915740270238734563825355220769572674328207435891167335999999998879356
54487547473492473999970922219999999699967199999999999999999999999999999999999999999999999999992357641911645407034164612029394196692063122203736708819677393691467349999999972813
68774134120265447309999927599534999990281999999999999999999999999999999999999999999949999999999997178347397756224570276782759466297082500592824862529325283303254591899999999165
81706175957127410708516926615768499944447799999999993589999999999999999999999999999959729999996138924940264633569116205644007731669867932387047509192662238321668345799999999948
83992256908027083975486129624080729562437079999999989957189999999999987199999999993238276377083508813544041650212101468607488730773456108170271089835921724353255145614999999943
68942959097658046377511582842658831712177731999995984533689999999998989795999999999911126138455939966877925286966672967385918425032711978135080878910839974146731899998999999992
54669618590753968133142788828674165796704352707537993773359999999942746291134989319962498182930905263339347242507465890902542978207690223669895476300979999999159299999999999998
64606861665586536146258237081477532656966969508951999292577021442399479694578915892154526213501558697944132539760379770065524884238115878358218635056599999999986799999999999999
10303428120859389140345118762873347727386172249745156377101265784577752708127420207933749412373369176147404881123940456453615724814093058985106772133449999999299999999999999999
35750621795231605224276479834122953275121496061268119791074338012174229294851119858654371701812993667033153540675813390746427122127075954080133312171359999999999999599999999999
84597356754638138810395456386652872107533158355574600570919654261208955196307767766622416605407998233721881263590171395354839485792995451838137940799994109999992968999999999999
61453492135230239745360092875900998444560493974077813274388383771890601298717333651327856067764851520217523998182686877442280441033106672993637507990499519999820565399999999999
75387441195760693857745008844496373220081231094148682518653580532524005725026425343858645354758852385729461657192970718860726151637338552079999349259789302749928395499999999999