5577758664564445546446874864567445757446854557788745535435453554737467745747564753774366735676444554357655686687886467654764587787886564587865675747786
4767456685476845487548884677584448675844685455536675536357647473653636563653453733676756557344435763633455648485744758454848785874487455684787647586865
6684655686474576658658657556748454874677866565433756734575746755365467573356533365766556657335746443336657765686548884568864456864856767655766568548648
8754688644687686445544456564565857745868477374777654547673577445735664657663735756453653375655344734647757646647864588565446544666748655657564755887644
5565566664675474584847676677654774665766443534353333664467534776333543363656657575765757355343575756353353545664774644584845885865768567888457847488755
4886546876676858777586878478874664488745756573435443455347766334744447653743766576734375437537476656566534643753476657686658788775546647477674747746664
8687845647768455485477445458658444673356677557567557566354735646747734753543733637656553473453645664654575646354343678857648846654747587856555678654857
5887477588864876688886578587784476574443576545435643635544353764776745773456676663774476464373675357575567467633767566857555755748677848456856754775457
5444688488555488545878854847865773656733747765557473573363546364333554555111111176666436456734464543577577735454667733847677688686568568747756578747646
5757777576558686686856875586664344567774344575454745766463373773333751111199999115337355434574735635546557465535353356556567684884847574485478455468847
688477447864857555487765854684366476675376356437656465767555775443363199911S999917677476557736733734364444777356666435465484765445676846754775778878787
4577885644755556885575578664536576575633375535567544347474374573676451999999999914443636446666665654433456336455363747564576464845585776874544584687558
7477746857588877464688774567663636436745345547545533534766774334363751999999999914546436445537444667745444755537645633563546444648744486886477547687544
5445588586864787855854454435563446447576567647346755355774364473363453356999999713376434773676475547674653455355673336365455685686756668788675656764585
7868584546546766456544754637536436367766536543756756577456577467445433675699995414337334476766745476743735473567774554777356646678844547554445748784868
7764568848766468777467677346577376467363635346745663753373677563445333636333445575775465667456336565655774437644535457547646375654885887574785744488876
8587568777867466877746635354756753654666345453574765346656334455343753754475657466463557366565563773464456774776767553664637533657686665854654454546566
7846464867568854556884566747434474357474754475673635666653554336776366575333356543376547647775734776773554747635457667766545675575488774857445667464846
8484544555757755647647537675435553744734764443367634553645767437647343633435364467544743753563373756774434775474733734633556743334565447748475577774866
6754647446565458875347574557364353576666354565547446646446653434566766375576436743655434533333433333766675664437556564773736735567765685766486777757567
8445647586866766843437764774355466747564774535437434356346334453545574477646773736556445573776633476357375345736774463576656376753657475775467658477884
6764588464565755537476663654554476344764566775553747347364357474655445553557565347355677446463633753573575766444347466547567543575647567666848886854444
6568568876545577457337736544766645366743737674735537534466374633677635577464667353335453637363363757475574447774553566774675645457437346846584458486785
6677467474864477643644733575536567567644533665766554555445566734345432443552566236252447664544556436645543635746565455657346766335644534456877687748465
6547754865788876574547566663647635357465735376445637667374355546562252544433253462266643445473646774373744465557557573657554656443547565688765775757668
6865474666675475773636333744373767544643673476367444576346633463662526633455252426423355243467664466664377645353635557356663467667543654477788478744768
6448855875548565367535464475543453544473754537345637375665363256266345226634346263632624455532366744754556365667475547553336356475474434675864465665645
7788585467785533763557736656437363543634545745674567535222553463536562223335364455356665222343632345774645365446354743573637375765534435646767856685567
6777876858866365357465444575563376573665665533434752355434235362264423263453546645266226656366666636633765753536353436645573553354345576344545446585677
4585588884655463743443737373755737457473757374537564665226265525634225655624323633224445523666422424234365466765636536773646637375735646573554854886766
4584658858434733546567374333535756553554455375644544453442442356535332666333226524533645626564342334445537736734367677367734466343745355363366677745445
7848544487343537673546677445466546535435667433662235446562623466536262463656342552425442445346336633242346755444654354553667643567355545653746478444674
8467475857463347457765474365634553364343746645545645245225333256256556225454464345523565465534344632356666333653354767646473655464563744773346668885756
4454644876765443354455336664533545577667375434324333245422255235465566624223462555352535536635226622356522636456557676646534364343736733737756476648484
4848747635737536435766747735756344645437345432454334633634332454626532233444364662265236454244555255423623656665755556477354737376334743633676735666687
6848686475666563743334744656453575433645752665632425326652265545426346364253565626222434343624344243455545566465375567364757634567776736677537448468488
4588647557645655575637445574455344646774236225266556323426536335254263422542224463436345324544266663445652353223734555743343356364654555334655573748647
6866856657343644464563477656743743353566256626235353456363444662262545634543663535256543644345434643335654266442346637334366344567656776756445354668878
4468833577553675336435634663354756457556645263226652444335526462563243454664645665424633525623245254534626366224467343477774467646743374544565475457454
4584753656456656543565465347565537556226552662565453254665635562545352324366556532636543256423545563436635424624667746635766355457363664735774574565668
5455464565365546435357733344774737544653354565535354225334444643326454462334622243322635225225562322465323232336232474777564777456455344356777357464486
5785333467564574475567536355657645433633346366264325325263335344662465435343525462224654325522633223233435562524335345655467574656753655337735665664877
6686675665375474563754554357743755264626445444352555436525543556254456526643352224462246564363246444232323532326626337745543475545657577455356737665444
7445734656576776647656455364457736532666652665666623462532236624426652442556354425325345564326352265225624665525642452535646533336354434647654766434454
6546577735563545443663647366776466254323345232352555442422446656635545655442654324323226622445434456454345544223535426444763755347666337635537653447454
5765774765645435574577444663344364556365445565546625356644533465253263656456324635344462464346244324253355243464423343337565557533364645353465553466566
6746543365367537455665664363577224423452365645664564634455652565246454235326644536324433636534356326536342356452545436567744744734746377456765754467357
6737335466433554545633735357574532452646656663456223452626232263346232342436224542524522355254252465364332235332265544532757743454455343335655436453474
6467366335736457766374747756755625335465222234653455436243364652643464652625355445234663435454465336434342543425623335426753667474746456374765456375358
6543574447666445764776755666544242364242655433453224563222226453546354332454322332462554354426525652665345332265245325542353446544673577766676434735377
7745465553737647677355746547526536563254625565563434244362625253656255354532252434554466224333425533365562664433243464253637555763333773646473563576444
5463566435377657437433453644242324234334326524266453422245266624342523453353332555342236253522645662454235244533563656436234664453347563673756357663443
3355756734737537547456673443526326536265525343653565222364425522533342434234352235442454352454232456432436535663254366532357766646746573737543635733657
5676657366445445475466476563353334625562234622536656622253546354532522533232245235543243445633225335666545623564562424342325466356335464544647456647474
6563554576663455773553534752436245535243555543566632254346435322252452544522544345424355544242563624455432536324556356533553335355557674763544546357675
6633746344344567377754435346252535434624625464324352234265523452443544525343232534452455522525666663356552564436346665552534646453473535734365773774563
7455346767547467333444576756343663336632635664332654362463435454224432424435245254442232355525365555643235333334562325646334537557664744733656755567566
7756475454667573464663645723533322322662333624662642424243333334243434324445325324425345225553462532426634662466263262624443545376553373555536477345575
4666547764564574763346347564443366623565543253523253363533454222525525244253342445224445223554225354645362422456535256452235324573635666737545644564443
5576655365544376456334653255664444643532235345566224332235333554253254325333223335544232342235432346466253552354266464652546664453464435664356436466363
6454576566674543356456476526235254642635525626464666453554352224253424425354543532454355432554452336525464623456554653343525525765743645463474353356345
5377636633434473544737536444332463624455632264563353335244443224323443443324524523322522333325522523423545463343352654666225446457543633636755343434636
4754645663733576644575353443344433332464523446235424343354432323553432332525233424433224343253432552662354625425433643362433623765464657357346655773435
6533736755755437754367352333332532662656335624645626435423553544355424344345425543442555254253243256465225254364454224265343336765676565436566336764373
6534737667545574466334732422322222252345256546446655553342555244345552254424524455222245554354424544636424523622443655446264456457557737754674645457676
5735443333467576664366452663645433424642556243554645453354335543222445223555452322425544533323525334362334426233666264322352262637357646574467754544653
5645356573434544354435752466666522653356256666254244355544524333253244352435535232354424335333452455324565666236423633566433662366475635656773366745757
7735755675455733366754722332622342325653353432262244532244332324224542533353322444352333522525335534323623233355656245654323556474637633743457554763764
7636635577437676775537365246454252652552254344236324543523432224335245535354225542532233534525223253445352622362625626564632232464645535546457646377473
6456336546767777473635553532622524432532246446654554444532235544525453423253434452543245353324444224226634464556345463446365223436774475537763564357653
5434733463467647633744745243452633536345665346556322433324542225343522425532224323355354232454244342536325446543253653423322445655656474434357464567337
7364667734556567457356352233642442362425363363626332253523332222253253432523455242243235323244355352255235626453225334332654623353735363637764533357647
4473536677744554546755654543646453432265254224266424255522252325523452332224223443424442225253434425533553252243334532335525345337333736576745576474653
4676576756547433435563622362352643522355324224323535452432245544342334434354533525453244555323354234252424236562352453524663654335345676475743545474454
7775664756636545663456336366323454654234653554224443342423224243335535545424355422535235454224332542232463643336626232324544435533444763536777575555377
775535434437356664363564442522343262532256353432322222454545324335533453545@244224253433253454442425343253362535526253253633462636666576346674577664557
6336577436435555767366565334464344324633662422543332224452522443522423334599953222243535444532444244532433435653634662554556232653447537643374365357376
4474735466553465575776323432346335665623533225566545454444532342333342534399925255254235253355432524242653356546235442234223546345754766473563675367765
3465566354635637554334453523264326545266264555524323533242324352242433442399922434534425342345423322234222623324422332342544466544354675643437567764544
5456763445757656747335445442456564535466362252454353533253255533522433322399945254442455235333342233226226334634235622354234624543774733345435433646345
5477445654474663364576344654424464622534346425465525452332454425422325345399922253242343425554545353236462363564452452536635425477563346737455653335674
3365553646474473775543333246635563456624323655422635323445224325334332444399925252253234254233332244265263533345632435536224636374353446733767645745563
7557776446655334636474343255326534545426246245342522452233544444434532354499943223243534323353424343525253646334555245553253566365745673464533553536334
4573777653633366475365443226224632522242242643526225543435552542325322222499942325442534235334544235262366625662263356445655636353665557634677654737437
4464536445435467476444465242252234625446355236466663523525352232424444535399923522554433545524454452226355356345635366443534346365755446464537366537677
4333464673736444564667666266322324446554642335222242222343322234423345344499945353454343333454244332234236246464533246245662252274763364646357335547334
5735636357353537536464653643642563362242226626326264533555344232223434454599942552453423525444352354663263635244243364232646362654343464737534354337673
4436554757443447334743353233626524663463254365652226445433242543433522355299934432423223222333255243556252344362622456626355235333477456674737775753773
5565335373647534754643532446643622524624345646662522353445452235424432525499954444352442235542554446423236455632325455436623346555434575474676533767536
6556757636343375535773762236342226455366654552362462654524535232424334245499953433532422233253343344236263646233644533632663236534544747357447475343677
7635433345654576364663563462343645356463446562533425565353434442545553524599943244333433534452224552353444623262233466522262356644574557755644334677344
7467655344554457547565677245546652534423465463544643434333552525223425443399922343535223335523435644366526253264422336633535535563743757457456754774676
7766564475566547555745474354523225455562463234243333634252435543523432235299924445435435535323542655422446432626565542664626624764546666747334657734643
6564344637344757445654443526556462225653422356246635464542355432344335453399922233434225435555534235663532345322442666256233457536744457734443476574747
7364656446365744354365644555652532624323422464335245335542532242253422334599955454345535334445623256634252534564525436646626335743464545445745454653353
7373445755447463343574737465554424522532364362623443443354524432224253455399932345434454553552566626635355445233353536343533645433647737745773733475573
5743435574546454367535575452466536325225632434545262334436232353233224453299942544342352332555346644354222635363633224564455433766545754336636777673464
3677635567365536464333546465634342426446262665423333444345355335543253432399954542455222545245556354436426343523625354444323663646566553736435773665636
7345645555377467335567754567434344266645252554564633463464664334442324524499935543332353534643333543442666523522563226524544753347376776756374647347735
4533643757663563745344573743254452225254636365555653562342436646354242543299925334535453655554264223453654255262234344664243747754477764356757343433577
7757646763566775646374563663652653235643663355542652232254535524655242522299925244545626325526652642562323235235453532634667553475454645634353465634363
7475444343757535374633433337725356264242234222455235334233465622264443552299923344634362454265356346445355666265366345553565765436333347746745356534773
4334466335346777536375746767766262343264225563262342636224265432456542244299932444534563665563526625632365553243433365564554654534647457555735736645454
8554377535774777764374556444634563633526654252446365566426436623332656644599924555324435354326542432444466562433565456365677574574366447644553656776674
7667444664454333665664655646364256632666565354255664426544262646465365263599923362456553356254442254252424223462434546234466537354755743374545734445565
7855446754463656347647743347455434364266433635466242253352464446225243665599925555624325554255666564266555263223466366434367636536463443545465735744464
4557776744466434657363357733554734366336235323246633426646436264445234646399963543562635632633626536636646535432324626666366344467435536745757774334748
7563364746767337675774347543753532222243556644665564465655662252325445235499962623226325322434452435234556363452326542463376537436564456436657567467754
4745537346366373756737776345533364443465452465455646454436434563636326625499925664454456345366665424334663545342356353777345567643574675537435435354867
5567753375553373463447574367344655764235452334522544345345654464336565455699944632455444252543245332566655242626236637744365446533336557767544576654684
4458557463476647645765475353337773764345352366625463423626324224446263326499955562626333325334435554246346355566625735766345374345535674673376536554865
4755763563364675544455537363674355663546543226424533644465335522652443465599924552343554363354243635365563263624443663676743455577366473444744437655545
6464664375543463336567765464336335765445566635543222625232644246444533234599932354365425326334342334444532536435434336547543675467364557473443337485655
7878475333754655456557635453433775644774436662446256446626664266462255523699943656356564246652252632323533524552345657675666446376447536555645557786667
8488743566465676364766454667734375466754422235443224522522663552653634642499955336254224423645636545632652353557443353356737664376677766556435444854857
8885867353563445475645667677355563466555725226565535365344235333535632232499965656463222652356634463664562235663753575555356564655635766355653774745746
5757444456737547775746573466443456644444556523222333646643253335545646255399932636253646226635645634646642235555665373444465634764764377636355656555687
6586488555535354757455443644773335357773475634332342643264546645563556245699935453633433526436436352636226334336634665445663765566367434675753464865585
5664685687576544644436365675633357667476475623646525233552436343362332444299954564464265365364666356222533555376444436664333473477373366454367757877764
7556886554555333474463336574573336666354546364356254224266332235526443323699955332236424525543433255456423363736745457354766477763575455567633575684648
6854574555636637547335767647536535373446465576725664555242244435226635566499925354344452252562232246626555764355557547344663554763446634567465464574775
8768578458736664435755367357474566765435437634646525655354464653452325644499943625652565533543666365543435576376664375664377634677533374433376575548455
6648574688565547747646547744544456343666676437537752565544455355235444652499935535254524632663653435464476767735446754754444547755767536766757457848665
6758885748543757543453633354746546355475536633354363762462624253423425555499956523352644423222326554455357635354765654446474377736647774455656774877478
8476677567846767644755753457634574477366445666345534743552334622543442522299956666263522656225365653536777757375356357457564577647476335568646555848568
7757846887476846355545656745454655766345637375357534347774436634626666223699934466232336333257553344774333653547736643454433743373376576744568745575556
5787767485664656554376353765465475677663444577556733544544565336262465432399954233623343236363767443547457774444733447645555346674575655445764786854574
7657685746865555536476363644663547566664637534745546543544456477343446233699925536346333374755465475564735344565367373647334674757473467675557584885748
6746464474868478373436777434377756766646563677547436567574753746666477354799933645373534437663774535747676674347446757575756776744573534867465864885477
4547568778456546773644577335356734676763675336465474644733763663775473376699963655777567556575576476334537556535457767576453374556647384876564556884755
5475785577778866865466437775637345363645646747377744667756375756564677743699944537467633774375357354547777775577364654777475536477465857787676668554844
6574674774558558476537544755476575575466543375357363555647476377744457347599954657476367766366346633536577443444653736554445653546764876868476884685778
6468446845486847668635746757355547576376455544477477564455367676634373645499964553465333567564765476654344334575667376333564665747368777478485685848586
8847855575445775767647456634557765433433576356346654775655534766335765664399974775375747437366555755476454343454436457634647345546648746574876447667484
7855786475486688565585564436473646546335673455753455465544473646453444444799976753345676573653673556777654464636777655454554536635854444688554446775555
4855685557547644575785753454765577664545373375357335446334457577763557634499933647354465753347357365544777676547665375447333636568648767488547544466545
6786875848888488478557476565573636334637746465663633475535663364556343333599977376555757463674573464755567674633777663745456463864466775864658855564564
8778647647656588664444454535766477437644734447555733655744566677756473366399953533577335434555746563477337465674763535447367378844568765584676875444688
6868686657787575774648785447765764766466476633456464463374454745433754767799976464564347434544373443456653636736466463633573685586668444755656877658457
7565848477446686886668865786454576767453464474736654374667543463536634536499937666346643333556475645777634735374467675636535785745445678478887574578754
5478744688844758846788858576445735344737634443766564464757773366755557535399954575373357453553533434674363657454536665556554446857464676776545745678584
4868486555458876875876584567545655646533734646643554433643747454655456554499947676577456357443446463446533447445533746537476475667468786477758458588466
7678567876676758846756577857677666436663744736454656634637535735637564743499964645775566733465536664444665637366577434548474556874787785765756858655488
8848646558568446558678477886556664376475665673333547337457354734747365655399973373365553667474545535473546573634533648484464546456778788866456847485865
6476786657845756774464486867776874446436534457476757753656666577544475577699953647344433555444737657667364674333633477687465656447757486478588746765666
8448865787888658786874476545445886457855573737563644766476773344365475443599947574536635673335747545455775546434684887486574877786455776745456548788775
8446874656845758648477464457787558465665566447544347747565435553537343547499957653345545346777354544356465767347656557864746546574676485666865466755457
4484675674577674685776555544844667647676775366774744443736733737375765664699955434644536656735365556544567453468754466484467478646848444544444887857668
4777765886658844686787766467484474578856546653455544657775666435654344654499944477337555366355345735436557384855684678884758575784684766747467646545844
5448566466588486675845448474567585448488654848533763747763365566337576375399974366733477467765476534455464478647658464554446485856755654845475878686644
5848556867778744545555774586586787668445458887877566557744344377653665747799936763467754545354736336578747567578454667568688588556676447588567786645468