25544483381433272771247568845374827671476337735223526273582273374836771637522235576376461143374646616
11262114263664267654526353836373742356738555555741725852251177372147818254615157638224742157325282616
44653457232581726267242228812362667562831114214755585434122451438521715636223286661625255651284527321
33151531381423634384653287663673182446872268417635233223833883627167126463767765512536218448858516852
54744542551528113317338542737848226815386852785618416746833818364777383553248748522388216664467441766
44718857138261362341333768416546134441825336477283463613227346174733476824728451421377116655458773535
53327135615552582865145858227331873654777248625485226726363282513886873235454262383565818117221767817
28681556487265152671512146535673357724876138152886143274686845388546411365132356435313344334673287727
42628121373837627678663348536872772637572315712581887467256811841182813882545857767585268373216853688
45122547744442634732557128743852158412615184635687727345825437367355567354818173378814756384261888734
21785576237314665665576637615587763236674156358581834675543785582667658355714318582818257347663377112
62341621215378854624426471842242664342785844555468786776497538383556444748348451177564416765821811732
55615631251478111775178317386735756455575576444485756954647755562564524875588618757566236225825868641
23317847888537768652111725445637224559799554778589457589899598495523276445313172816785421722142681785
44331485563275267857428611734723226877565559784874697857699494849687838623138566553224363787543742428
45852511133421234383577335432623558784888985644577585858854574749964766655162856587133354678881186774
77433426385623276641638823148279954567949989465467554944564548887856857473254655812258136336821138876
24424322145717186312544736337448465565949959878779664965788449797487949778115153845623128233756526373
17752715737211532375737173579696965948885468678865488654968455448797674644631772256137636715574823134
31257833258711582146648215869488455964675664864496648675567674464698447575752318756228358333161426747
67311216267572384715148554995687454467946758478745468465977959965499784987489146352667182461754756452
67377587221642834666762689959799754987768459545647479667869964545889695687769656746426218712117364182
16511123375622425551517958587576867649965664899769857548975649988599499955776767766355556217161558152
61158561662716676412867758865695566894997954679567597685597858969964655969498859968213752273642387367
62527218177825768612785454749499685567566455949885944998668865789779998947879797781283511633128544677
52367377744316756434794569954677448696744797867646778849448464796674676767558574782484785467155655687
73553771446611748479578499998444889997946698854755568995487687948766566768485874794252878531658585278
36575624732647265565877588595579444758777596765596957485859555947699446696896895484788653451614758146
35828271521445781766796884945987687478556566994774775697546768888878966898745887656583544574645417688
73882816747633257866585868449958964657785949995758684776947697458654664696678454979541386434341116457
46747723767212676748978957958497944458579794859447767945669448845646478465667666858769533262886372546
65228428413444488898489874784547864549584989548998958956665494564799694857845977549475551657551324242
16183851461135645588495459944567998648498584487455955557668888994756794889594894698879652138876426111
42677157178132797556895889544755794494579989796469766575795955688956996498547664796594472675331542231
32523863382773644654846945895975858566748497998555487546664557896757455579788484469794692464282556887
77581563876156666464577799845689748758648585475755659678546479658688655685755864795585591554843635112
66717714747575647756955787778644468965769854487947664874784454779594576579646589955596549417112481136
74745271771559968647594877574446686488667547899848488767995969446686489687459667948469945134164566252
27213274281778598999894974884545879679889968995688474788759967778746876987686496759746767738656724836
44717868173577876898978844578586869645859988989658755788577554584658875574798666466486876711444256142
47624538885797689679886749454989767947669947997976997754467477484488485994965799874759657958842743233
27644425581184654886765754667876668746999547687554464587546799686968675665455599796575569555618245282
75637813581764755469666579586685958579655585977698779495577979779755479985974555495449747513267243552
16416455133497558454754595754655778877889464655659577896878465497477488648488466564645467462813745626
73667135882678954494479855884888764469477878849787576775969785685659569798958657895697645474135334334
56273224467947746664469857775679789487989978649588476958997858747484755778994694645799459791183682557
27635183217884847996758646546656474474785767578869954567745489476745874697857748584894697951452257773
21118767722495978986646757447999745775594587578887586946487747476586488554446986799499945491876188717
51265212327886684678975984986675657497694947485457469544988964947494655478559546647765864988623838641
17385578818666677775896897958545587985896698995886554784999664896597597975874566887884679557376764635
81123664816797675957448496946869556664565697886759@95554568956455854778775654887749545484493334113451
47452488655775475768995767867496746865969565494677549598796457957866647965777586494474649577468222241
71687333267679565974996477897457857855644765869894644596578969779494757669588775569559779793114845348
24746742645967844858449898587995676896897568645987585468799645885484774648879794485778477875678171548
74285714178484958785448464864799786469748679869484476457856886864758648877655796984486676664455516222
45521231617645765655675697555659666686977465794948854464556977877769578478998777987647454897555447213
71326484217866774699746976646594568989799799657457654785946759498754989459476465754499874771465616785
44331382814579774795477498677676464479984594467574464968957874784845564864984558578668745971686763357
38524238524468549574997844764668968567674974489794869447476868545645549477885957775957867653488347226
57152133366555589764669798989979676446479794864557498684665589478956477466944699878649759613227714431
62546451821559458699998969575798568854756964867574777664897876875544877876997769965958744757512274413
15268228616569574478655597687754587694448878486889598464898768757455795659688885997896696462826782143
13253655643678559995756899449566745648688845594747479858468688885748558697796546747479568582688786612
76686723557579474479665649749476784855557988579546664658946987758796559787865689864699477788656766764
13384816724366547767784576987546954455844544564857686695987448798848768658976475897688764338424841722
15714712516369998787465575844749668554887769569779689474646688588667966786974774769859847531282555566
11148162545488849985564547454589778764478688445467894596575867469577546958496664587885484878615166452
48485473813665668678587748577957679555459448697777649594859754467658688799749579967469776521875874256
35115753578517784559849954667767595954558467665496876456578465674857784967658567564855735475722347857
74225413653144355687877888964486985487767977848766699648784676689646877454966556656556427478263818543
61384381862447485668556556464655749658668455948966499564864477575475887849454844857584125558436811374
41882118671351478764665556644656848775565799486875888448884987785749469446548874885968754885471442244
58266386188183148696558998678694465674998866769446966554884576654568586599664746874786387751641852371
35875838256138347844554795478469655658957974754494768995697988784849546868947989979775223314713371485
21368168446343722179896875699547964776748745964885665794766759457847494876555848857656515516835652182
25256184614263374826466987576687995667675584488468887747974969945748788655958468446473386584256541781
35572818551185213788866744446789476886899556694994497566796964797648459987976456874454236842138751851
52585527163426234366444767564456665594848767596876855874675965586676559769957477744618436388444381777
81527456535528152683288569576756889898746558954557446766684468848457945574966768877148147772357546578
75155566122224117332149678984889756495777594676755574565784978749669547458455955148772645163518778522
48273685838154816626324757775779875479946586798779464779796559786855988484487865133573681275724364566
44433261122854462833154729457455759496984544679665454765597956657478777545965563748161317564882571731
18167783733461866721883388859485947557784596484798988474979667987778678879566855685613167864132812182
22341546532743874587877814258984796848795945687565746896879458958658786965633568246327472543187733542
27684424656527856673252272484775777567474479878447459456755869876994585965722546288576144283414222266
52471536866458224687511471681367766449979697885449976845986666485848857445641244668244556183357774556
68487238274481648386754651544247477986856995975955876797985548488854863524621254867217532837456373876
77715678677111527711133268614866349649745778898565987956474664448946426638518547822638438144551755545
36518854475563212318825722164164853589867577867478456699756669655427557436742385237315674471288124137
66586613354377252143317111685455882375144948487884998854599655486171836147654578182457215584412637433
14865425878212254271264175233867531756563139996579488787795871526118776161437166852481367131647612226
28725134721816412347638831825472841456665741318161354887821384258252744522142472371471268351746454715
11761248746124122354358856254114724356662464118327411816581313727168735337755846835241322287167841111
72456783883561213752345316382172145256422885482368814272664876532137188843783474371223265753145116444
48488745758834267788777542138641883837613751651348354318432233275566212363577435518674528274728871674
43141187742665847232753788133635874283835586568364133543552861383766534161815562872383351141671441287
68644486453588725555347852513564888131618355184815834448363877187456886611548276787821223544254236454
22782173535125882738258446763526727432711141544247534881345858878484253342211647788522264363738483831
44161654266745328637431443832437265174486566336628781324537241548551856252742458558811681167723632461
33545233883212452231284736436513387874623542288318815287478845654682156652362448684836542118221646324
62521265877231145174326823147654486237341832488485765222184568356123634188273382548361327127864545531