8518623659897952647531764315867
7743727173897531723447518387963
3642611429975536416128893774536
6665516229337889872199787723188
2932289427423737131375694327728
7227414913632114979994952281397
3988912539283825543635434661453
4413929862588825248664641594438
3466383796194952163217322976547
6569911666377586692365189979414
3591625721258552645569869762961
5119942444885663438827119653812
9627979935774347833797222613181
2279364252946797947474878415448
2245982776519245971965322271771
631127561253866@357781986643473
8177257553368298286446947238129
5531613877683275718448874392623
1322864783282424529941914497261
5384375456278673748316991518761
1343126628719336186157272761973
4483414844474843921876914725354
6873665611552552187472962151226
3946453187853259223916253786358
7429979281914216585264296397813
7385352374898986695685855986547
7915857666741985635186727671824
8193797463264859471478243635487
2186257232435951754471668135592
9169173448876776589373282668177
7623914244129623532592999793488