17168165254
27199323293
41987744267
51011240528
61338440263
71432654027
78949941166
80007821562
81175639835
84285369389
84904285894
141116723181
313931717435
599495392167
617665600604
647063198279
877720725401
921651670715
1101428849469
1168484331914
1195037057618
1243056078989
1318152458074
1366741748046
1480580708195
1649485339301
1839616883777
1984342063319
2019367566661
2227593181757
2440065783311
2485799458461
2592678302110
2618585870001
2777919440425
2803882210339
2837993838544
2871746660331
2876726746122
2939318329056
2946092120943
2976303876040
3129132500489
3272017525082
3341448107194
3674875853575
3871550058033
3908569921107
3990990791162
4013756469508
4213755037120
4252035585350
4281876875563
4320606717409
4360282255636
4445559054959
4511518889563
4679615049630
4687112884636
4942635957877
4998954137896
5137849914572
5163100025023
5199814880433
5220361983257
6146669058049
6180168007827
6218875004184
6470838735955
6531764720219
6581918084868
6666309872520
6744732270000
6762516595702
6826572381070
6881983394154
6882049101585
7101574959606
7222948507629
7236265079320
7410968716152
7516236338542
7706040854484
7781765234807
7863316704329
7927038053488
7937325274247
7943390567828
8131082730250
8131432889524
8442915772921
8690067186340
9102555791743
9337811800817
9391611904147
9456409653752
9540103053423
9574083037889
9693316261659
9978504928733